Balle (799, 402, 185, 218) (817, 441, 167, 63) (867, 524, 79, 69)
Irlandais (977, 398, 186, 219) (988, 439, 175, 70) (1039, 520, 75, 70)
Dragon (1164, 397, 188, 220) (1162, 435, 169, 63) (1216, 520, 77, 71)
Bonbon (1349, 385, 194, 228) (1353, 431, 154, 59) (1389, 520, 77, 69)
Panda (805, 622, 180, 215) (823, 640, 164, 74) (874, 733, 73, 71)
Enceinte (989, 620, 183, 223) (1001, 645, 170, 71) (1050, 727, 74, 77)
Chargeur (1168, 622, 191, 220) (1168, 644, 171, 69) (1218, 733, 80, 71)
Encre (1361, 607, 200, 236) (1356, 638, 166, 73) (1403, 727, 81, 71)



Balle (775, 476, 162, 196) (794, 512, 138, 60) (833, 590, 63, 55)
Irlandais (930, 474, 169, 199) (939, 513, 155, 59) (985, 586, 64, 60)
Dragon (1094, 468, 167, 201) (1094, 510, 149, 55) (1141, 585, 64, 62)
Bonbon (1257, 468, 174, 201) (1258, 507, 137, 54) (1289, 585, 66, 65)
Panda (775, 670, 165, 204) (786, 689, 158, 71) (835, 776, 64, 64)
Enceinte (939, 670, 172, 202) (948, 700, 152, 55) (996, 770, 64, 69)
Chargeur (1102, 674, 170, 197) (1095, 695, 160, 57) (1142, 772, 68, 65)
Encre (1267, 670, 173, 194) (1258, 681, 146, 75) (1301, 768, 71, 64)
