Cards (517, 131, 341, 403) (575, 216, 269, 109) (665, 365, 121, 108)
Irish (834, 120, 358, 416) (878, 226, 280, 101) (958, 364, 117, 110)
Dragon (1180, 120, 345, 413) (1183, 217, 269, 102) (1259, 368, 112, 105)
Ball (1523, 120, 340, 415) (1497, 202, 228, 118) (1544, 370, 109, 107)
Ships (521, 537, 340, 400) (594, 577, 265, 114) (675, 725, 115, 108)
Glue (852, 538, 357, 395) (895, 574, 275, 107) (976, 717, 112, 112)
Airphones (1196, 542, 335, 396) (1181, 570, 269, 111) (1254, 720, 118, 112)
Tintin (1533, 541, 323, 377) (1488, 565, 243, 116) (1555, 709, 109, 112)
All (466, 108, 1417, 819) (534, 170, 296, 168) (491, 97, 1409, 859)
Bottoù (506, 532, 1373, 418) (555, 555, 733, 92) (622, 694, 1162, 189)
